16.75
16.917
17.083
17.25
17.417
17.583
17.75
17.917
18.083
18.25
18.417
18.583
18.75
18.917
19.083
19.25
19.417
19.583
19.75
19.917
20.083
20.25
20.417
20.583
20.75
20.917
21.083
21.25
21.417
21.583
21.75
21.917
22.083
22.25
22.417
22.583
22.75
22.917
23.083
23.25
23.417
23.583
23.75
23.917
24.083
24.25
24.417
24.583
24.75
24.917
25.083
25.25
25.417
25.583
25.75
25.917
26.083
26.25
26.417
26.583
26.75
26.917
27.083
27.25
27.417
27.583
27.75
27.917
28.083
28.25
28.417
28.583
28.75
28.917
29.083
29.25
29.417
29.583
29.75
29.917
30.083
30.25
30.417
30.583
30.75
30.917
31.083
31.25
31.417
31.583
31.75
31.917
32.083
32.25
32.417
32.583
32.75
