-34.583
-34.417
-34.25
-34.083
-33.917
-33.75
-33.583
-33.417
-33.25
-33.083
-32.917
-32.75
-32.583
-32.417
-32.25
-32.083
-31.917
-31.75
-31.583
-31.417
-31.25
-31.083
-30.917
-30.75
-30.583
-30.417
-30.25
-30.083
-29.917
-29.75
-29.583
-29.417
-29.25
-29.083
-28.917
-28.75
-28.583
-28.417
-28.25
-28.083
-27.917
-27.75
-27.583
-27.417
-27.25
-27.083
-26.917
-26.75
-26.583
-26.417
-26.25
-26.083
-25.917
-25.75
-25.583
-25.417
-25.25
-25.083
-24.917
-24.75
-24.583
-24.417
-24.25
-24.083
-23.917
-23.75
-23.583
-23.417
-23.25
-23.083
-22.917
-22.75
-22.583
-22.417
-22.25
